id,23BJ_DTA,22BJ_SHS,22BJ_DTA,23BJ_SHS,22MS_SHS,23MS_DTA,22MS_DTA,23MS_SHS,23MS_EH,23MS_EL,22BJ_EL,22MS_EH,22BJ_EH,22MS_EL,23BJ_EH,23BJ_EL
1,67.31,14.5,64.99,11.33,12.0,87.67,55.74,16.0,78.27,12.18,13.1,53.62,97.1,11.63,72.07,10.01
3,67.88,13.17,62.52,12.67,14.0,85.81,84.08,13.98,87.82,15.24,,60.61,92.86,15.42,56.46,12.86
4,68.85,13.84,59.5,11.67,11.5,89.99,83.51,14.35,74.26,12.04,13.42,59.67,73.45,14.3,69.82,13.16
5,57.9,10.67,,9.83,13.5,75.92,,13.72,51.22,13.5,14.62,36.96,48.15,13.55,30.64,12.88
6,76.66,16.5,67.51,17.67,15.0,97.5,91.28,14.33,99.09,15.01,13.92,98.8,94.85,13.09,85.7,15.82
7,74.39,14.5,68.01,14.27,11.72,103.63,90.69,,139.6,,14.14,162.79,133.85,14.42,86.53,16.5
8,78.52,14.33,67.01,14.67,14.5,90.65,56.27,14.38,114.99,14.76,16.3,90.69,111.68,19.93,69.32,16.12
9,73.47,16.0,65.02,13.67,18.0,93.58,89.62,15.99,72.47,12.78,14.59,70.77,73.69,,64.78,14.24
10,69.12,14.5,60.5,10.0,11.5,88.82,89.75,16.98,95.24,10.57,11.0,85.38,101.11,9.8,77.29,10.17
11,71.78,12.0,67.99,11.0,14.0,94.47,88.78,10.03,83.05,11.72,11.17,92.33,94.83,13.23,90.38,13.44
12,52.59,13.0,48.52,11.33,10.5,74.28,68.91,12.67,32.18,11.25,12.45,33.07,38.02,8.51,29.09,11.77
13,83.46,11.7,72.01,,16.28,101.0,93.62,11.99,,12.01,9.14,107.94,106.02,12.49,70.2,
14,70.28,13.92,66.01,14.5,14.28,90.54,82.83,10.0,51.58,8.82,12.09,55.93,63.52,12.15,73.07,11.63
16,69.88,14.83,64.52,12.0,17.0,96.59,82.25,15.07,127.3,14.39,13.84,92.27,123.36,15.28,67.54,14.41
17,68.77,12.34,62.0,11.0,12.72,88.92,88.85,11.62,84.5,17.9,16.79,74.98,78.23,15.23,76.75,15.33
18,79.13,11.67,68.01,11.27,15.0,94.97,87.96,13.03,89.94,19.02,14.67,90.06,104.51,19.08,65.23,13.48
19,56.3,13.17,52.54,12.33,13.5,79.2,72.53,13.98,62.03,15.14,14.45,53.45,73.26,15.3,62.06,13.35
20,70.33,11.0,62.53,11.33,12.0,90.99,,13.03,74.77,15.6,13.29,65.89,65.03,15.11,68.4,14.86
22,65.83,17.67,59.01,15.33,19.0,84.97,82.14,18.34,85.65,13.25,15.1,55.32,78.59,13.2,54.08,13.08
23,66.74,13.2,61.98,11.67,14.5,84.63,76.89,13.65,78.0,14.59,16.81,52.43,70.41,15.87,49.46,15.58
24,69.77,13.63,62.5,12.0,12.0,87.31,56.27,10.33,67.51,14.44,15.79,61.36,79.89,15.98,52.55,13.46
25,70.92,13.5,65.49,12.33,11.5,90.43,,11.02,76.27,10.75,13.63,65.03,73.04,12.39,63.7,12.53
26,67.19,15.67,61.99,14.33,16.0,85.0,,16.0,95.76,14.42,15.14,76.42,123.21,15.17,80.51,14.42
27,70.79,14.0,66.96,14.0,12.5,92.63,86.83,11.69,120.94,12.28,13.0,88.11,105.02,12.9,82.59,14.88
29,59.27,12.0,58.47,11.33,13.0,86.57,78.83,10.97,75.13,12.14,14.34,62.67,91.7,14.64,76.83,13.58
30,68.52,15.67,63.99,13.33,14.5,89.32,,16.67,95.89,12.72,13.77,78.86,94.28,13.19,77.08,13.97
31,68.31,10.34,60.52,10.67,9.5,86.83,84.61,9.3,71.32,14.01,14.84,60.96,83.31,13.96,64.21,16.49
32,65.7,12.84,59.99,10.0,12.5,90.0,81.78,10.59,56.52,12.57,14.42,44.83,74.09,14.43,58.04,12.54
33,60.3,15.84,58.52,16.67,14.0,85.81,80.23,16.6,84.32,11.6,11.08,69.49,93.81,10.04,77.73,9.35
34,72.74,15.83,64.99,13.67,16.5,90.06,87.95,17.32,73.17,14.63,15.5,52.91,81.12,14.72,59.84,13.58
35,72.29,14.0,66.0,12.27,17.5,89.31,,15.07,66.57,10.62,12.0,63.75,66.05,11.15,56.51,10.46
37,78.46,12.83,69.5,17.33,10.28,96.23,93.25,16.31,100.38,13.19,12.67,84.09,103.39,13.33,87.18,14.38
38,68.61,12.34,66.98,11.67,11.5,100.58,93.36,,138.6,,13.0,96.18,85.36,14.75,85.46,13.61
39,69.84,15.34,62.99,13.33,15.5,91.49,84.68,13.29,129.15,18.47,18.67,124.09,133.62,18.83,91.52,16.16
40,69.13,13.34,66.02,13.17,12.5,90.56,88.65,13.96,96.42,14.99,13.84,82.29,96.48,15.12,76.13,15.69
41,71.58,11.92,63.95,13.33,12.5,93.23,82.42,14.97,83.38,14.61,13.0,68.98,95.86,13.11,78.76,16.92
42,61.61,10.3,56.97,11.33,12.5,84.2,76.07,12.99,85.93,13.77,8.19,43.97,44.95,14.46,74.96,11.44
43,71.62,13.34,67.95,14.67,13.0,97.2,89.88,14.03,108.0,12.48,18.5,98.07,94.69,16.89,80.64,17.63
44,53.94,12.34,49.99,9.27,12.0,73.81,71.59,10.74,51.23,13.37,13.0,38.33,48.62,15.4,39.43,10.5
45,61.62,12.84,58.01,11.0,12.0,84.81,82.77,11.98,67.99,12.9,12.38,71.02,75.63,13.13,54.64,10.63
47,62.07,12.34,51.48,9.17,13.0,82.11,69.57,11.02,80.17,15.67,15.59,62.47,80.81,14.94,49.68,12.44
48,70.45,16.0,65.48,12.67,16.5,87.6,89.97,16.69,95.65,12.8,13.49,83.99,100.93,14.53,81.45,11.62
49,67.31,13.0,61.48,13.0,12.5,92.14,87.86,13.65,90.96,11.87,13.25,61.63,87.48,14.22,68.05,13.77
50,61.83,14.34,55.49,14.33,17.0,81.54,77.09,15.6,69.56,13.5,14.49,48.81,66.29,14.47,56.25,13.16
52,72.28,13.3,66.47,11.6,13.5,95.51,90.3,10.66,82.68,13.18,12.82,101.95,103.37,13.9,75.18,10.45
53,71.61,14.34,64.47,12.0,11.28,90.12,84.7,14.7,99.34,12.64,13.42,76.42,102.53,11.99,82.35,12.72
54,67.83,12.2,63.01,13.33,14.5,90.08,86.14,13.66,90.13,14.86,14.81,63.32,75.29,15.3,73.91,15.75
55,71.29,15.37,64.98,13.33,18.0,94.4,90.24,,94.44,13.74,13.14,83.62,82.93,15.58,71.87,14.16
56,71.77,15.0,63.47,11.67,11.5,91.75,,12.7,112.32,15.28,16.97,102.05,121.37,10.66,94.33,13.89
57,,12.67,57.01,,12.0,91.49,81.22,14.61,115.89,13.14,15.0,80.18,96.32,13.58,,
58,58.33,11.5,51.98,9.0,11.5,74.03,69.39,12.03,40.52,12.85,10.73,35.71,48.35,12.78,31.57,7.72
59,79.46,14.34,66.99,11.27,12.5,90.55,86.13,14.62,84.44,13.54,13.33,73.13,90.12,14.12,88.72,15.01
60,76.42,16.84,65.99,13.33,16.0,100.34,91.52,15.34,131.38,15.21,16.17,94.14,112.95,12.12,80.89,16.3
61,66.15,13.17,64.5,14.0,14.5,86.09,,14.62,105.11,15.48,15.5,69.26,73.11,17.56,104.97,14.42
62,64.86,16.17,64.5,13.33,15.0,89.63,86.75,16.32,84.5,14.75,15.33,95.83,90.44,14.2,72.47,13.11
64,56.15,12.5,50.53,13.0,13.0,78.13,67.06,14.95,,10.9,8.92,42.67,60.52,12.02,48.1,10.5
65,57.28,11.67,55.47,11.33,13.0,82.08,79.66,13.33,107.43,12.65,12.98,79.61,89.25,17.35,83.83,10.32
66,64.49,14.83,67.99,14.33,16.0,81.41,91.28,17.34,57.11,14.53,14.57,116.04,123.58,14.02,47.04,14.14
67,63.92,14.67,54.01,13.17,15.5,80.98,,15.31,86.54,13.84,10.37,84.95,84.62,13.43,76.79,11.02
68,62.41,12.84,65.5,12.67,13.0,83.39,85.64,14.32,87.07,14.46,9.6,98.46,110.85,10.46,66.86,14.18
69,71.51,14.5,59.99,14.67,15.5,86.1,,15.01,70.57,11.98,11.87,54.98,73.21,13.1,76.18,11.85
70,61.33,12.17,63.0,12.67,12.0,86.04,81.66,12.6,92.4,13.42,14.0,55.45,93.21,14.0,74.06,15.19
71,71.57,9.37,64.51,9.83,11.0,95.91,90.39,8.35,76.48,11.86,12.48,75.21,70.29,13.18,66.06,13.44
72,67.91,15.03,62.0,14.67,15.0,88.48,85.62,13.96,102.95,14.07,15.48,96.9,97.77,14.98,69.13,11.4
73,67.63,15.63,57.51,12.0,11.0,,82.72,,,,20.79,55.05,80.95,11.41,50.46,10.67
74,58.32,12.5,59.0,11.67,12.5,84.64,79.53,13.7,34.15,10.68,10.67,20.13,46.11,12.64,34.94,12.65
76,60.13,12.84,55.99,10.67,14.0,81.67,78.52,13.98,59.76,11.67,12.0,46.2,66.37,10.12,56.2,11.6
77,71.11,12.84,61.99,12.67,15.5,89.01,83.33,16.31,98.49,13.72,11.5,78.7,93.7,14.98,77.33,11.72
78,61.28,13.33,65.97,15.33,12.5,89.39,90.27,13.96,96.4,15.44,14.78,82.36,100.64,17.99,73.97,17.02
79,65.07,10.42,60.52,11.67,14.0,85.42,83.32,14.7,68.22,12.56,10.59,62.69,74.88,13.18,57.64,11.63
80,65.29,14.34,58.49,14.33,12.5,84.47,78.37,13.7,70.49,11.07,13.33,70.94,79.19,13.92,64.67,13.79
81,72.7,13.34,62.02,12.0,13.0,87.45,,13.39,82.25,15.64,17.33,84.29,110.87,17.88,85.81,14.43
82,63.77,13.34,59.52,10.83,12.0,85.99,80.35,12.03,69.93,14.26,13.75,34.47,68.1,13.93,40.89,11.96
83,70.4,14.7,63.53,13.33,14.0,89.3,55.8,15.75,107.05,11.26,12.48,84.28,92.48,11.36,74.02,15.24
85,60.32,16.5,62.53,15.33,18.0,88.57,85.44,16.68,83.29,10.07,12.1,71.49,72.73,12.61,64.94,9.49
86,51.52,13.34,53.0,11.6,14.0,76.83,68.94,14.7,,,12.92,32.33,42.58,14.16,27.54,9.61
87,,14.42,66.01,9.5,,77.7,88.03,11.35,56.55,11.8,12.75,87.35,77.02,,47.69,11.6
88,69.57,12.5,61.53,13.0,10.5,88.4,,10.66,60.72,12.56,15.67,44.33,73.15,13.49,56.27,14.43
89,,12.0,,9.73,11.0,76.9,62.53,11.99,56.22,10.84,12.42,53.21,63.12,10.36,49.44,10.68
90,61.17,13.33,58.49,12.0,13.0,85.63,,12.65,76.17,13.92,19.05,65.56,86.91,17.27,80.25,14.53
91,73.67,14.5,67.51,13.83,16.5,89.21,89.8,16.03,75.08,11.97,12.5,72.94,77.15,15.32,52.67,12.24
92,72.63,10.83,69.03,9.67,10.72,100.61,89.28,,113.0,,15.07,108.1,102.65,16.37,94.66,17.58
93,63.15,16.0,56.0,15.67,16.0,84.24,79.83,16.7,61.08,11.55,12.59,59.04,60.75,12.98,45.1,11.66
94,75.42,11.5,65.53,11.5,11.28,93.11,88.33,11.99,95.58,13.69,8.67,83.04,77.45,9.27,67.23,9.72
96,60.73,14.17,62.02,13.33,13.0,79.92,86.85,13.99,53.08,12.48,12.92,68.31,64.5,13.03,47.6,13.66
97,69.46,10.67,63.0,10.33,10.5,86.95,,10.05,98.54,16.98,17.17,86.53,97.97,16.93,72.59,13.84
98,69.12,15.67,65.02,15.67,14.0,91.26,83.3,16.7,85.77,14.77,15.59,62.25,96.94,14.11,63.47,14.93
99,59.35,10.84,56.5,9.67,12.5,81.77,76.35,11.37,76.54,14.93,13.0,49.12,76.25,14.32,56.65,10.57
100,70.53,13.67,68.53,12.0,13.0,96.45,91.25,13.63,111.28,10.48,12.83,100.52,117.64,12.44,92.76,10.81
101,66.84,10.67,59.01,11.67,12.5,80.68,78.17,10.67,65.48,12.97,14.24,64.22,71.39,13.03,49.06,10.5
102,80.5,13.03,,13.27,14.5,98.13,,10.08,,10.51,21.81,94.06,77.07,18.74,73.83,12.43
103,78.12,8.75,70.02,14.67,11.28,96.12,94.72,,128.84,,15.0,121.81,116.85,13.12,112.97,19.68
104,,11.5,51.99,,11.72,,74.73,,,,12.57,,42.64,15.82,,
105,69.03,13.67,62.52,11.0,15.0,89.39,81.31,13.32,100.9,11.22,12.67,85.53,110.66,13.38,80.83,9.75
107,72.32,14.34,64.5,13.33,14.5,87.51,86.17,15.34,82.66,9.65,12.42,86.21,85.41,12.84,63.27,12.3
108,72.19,11.84,60.48,11.73,9.5,86.1,83.34,9.34,80.5,11.3,13.0,67.48,77.79,13.18,56.64,11.84
109,67.41,14.67,59.01,15.67,15.5,84.92,,14.33,85.52,12.98,14.67,58.8,105.82,12.82,62.53,10.51
110,57.32,12.84,51.49,13.67,13.5,79.02,71.28,13.33,57.89,13.31,13.25,43.96,73.64,14.09,56.6,13.13
111,74.78,15.17,67.52,15.67,15.0,92.84,90.09,15.28,102.34,11.84,13.59,92.16,101.76,13.9,90.01,17.53
112,73.83,10.5,61.51,10.33,10.0,86.28,81.78,12.66,86.98,10.79,11.29,82.48,95.65,11.47,66.31,9.79
113,66.26,17.17,63.02,15.67,16.5,86.59,89.19,16.69,91.98,12.61,14.83,92.4,90.32,,84.69,15.52
114,60.78,15.84,55.52,15.0,17.0,82.05,78.03,15.99,54.82,13.04,13.68,43.88,72.42,13.79,54.34,12.36
115,69.03,15.17,63.51,14.67,15.0,89.59,86.03,15.66,87.28,16.62,14.21,73.68,96.49,18.72,67.92,15.65
117,69.9,13.67,64.54,14.0,13.5,88.65,86.33,15.98,130.76,16.66,15.35,99.43,118.4,16.65,92.94,14.82
118,68.79,10.67,62.01,11.67,8.28,87.9,,10.01,60.69,13.48,9.84,65.92,90.08,12.06,77.81,9.89
119,75.63,13.84,68.5,12.83,11.28,98.96,95.85,17.03,95.14,13.02,17.0,83.01,90.07,15.32,66.31,13.86
120,62.18,11.17,56.02,12.67,11.0,84.17,75.56,12.67,62.93,12.34,12.75,36.35,48.92,14.79,47.39,11.34
121,60.97,14.0,61.01,14.67,14.0,84.84,81.93,14.96,80.37,13.55,10.67,69.39,87.56,12.25,81.18,11.0
123,68.12,14.83,63.49,15.67,13.0,89.56,87.07,15.37,85.76,15.29,17.75,69.81,91.71,,67.12,18.92
124,73.77,13.25,67.03,11.33,12.5,91.26,89.99,8.94,71.59,11.4,14.2,84.79,96.39,14.93,77.98,14.57
125,68.46,13.7,69.01,11.73,,102.48,94.29,,130.21,,12.81,91.32,103.51,,91.97,15.51
126,77.36,14.5,69.03,14.0,15.0,98.39,91.02,13.32,103.9,11.63,14.5,93.97,122.22,14.17,85.99,15.25
127,61.79,11.5,57.02,11.0,13.0,87.11,79.73,13.29,82.93,13.48,13.0,61.41,86.0,14.03,64.37,11.32
128,64.92,13.83,64.54,13.0,16.5,86.38,89.1,16.03,93.94,13.97,12.59,84.93,83.03,13.49,75.41,12.01
129,71.7,14.0,61.51,11.6,15.5,87.24,,14.65,88.55,12.97,17.17,74.63,92.86,17.98,84.43,14.91
130,80.47,12.17,69.01,10.0,9.0,99.3,91.2,10.66,111.79,15.64,13.75,123.53,121.05,15.64,89.11,13.41
131,60.28,14.5,59.01,14.33,14.5,82.88,80.04,12.63,57.56,14.96,15.34,44.09,76.29,16.56,41.99,14.66
133,73.58,15.67,67.51,17.0,11.72,93.88,92.02,16.33,103.19,10.88,11.42,104.24,97.13,11.38,87.23,13.0
134,69.93,14.5,59.01,12.33,13.5,87.2,89.49,12.99,57.33,10.63,14.59,56.93,58.8,13.68,64.88,10.24
136,73.25,15.5,61.49,13.67,15.5,87.2,,13.66,83.6,13.52,11.59,85.74,93.61,14.29,75.39,11.69
137,69.42,13.0,64.48,11.67,12.0,88.52,83.61,13.63,63.76,12.08,13.4,60.85,86.93,15.41,63.02,12.66
138,70.6,14.0,61.99,12.83,16.0,87.4,81.86,15.33,75.39,15.75,8.84,62.96,65.21,17.66,58.38,12.08
139,70.74,16.67,66.0,15.0,15.5,89.92,90.36,16.02,102.55,10.15,12.12,97.3,115.55,10.82,89.78,11.91
140,68.32,13.84,59.51,13.67,13.0,87.42,,14.32,104.84,11.18,11.99,99.85,108.79,13.32,85.78,12.24
141,65.22,14.5,56.52,13.33,15.0,84.13,78.39,15.41,63.01,12.01,12.32,73.67,72.42,12.45,42.07,10.25
142,70.95,,63.54,15.07,11.72,88.46,87.42,17.7,113.39,13.42,,67.12,61.39,13.12,82.3,14.51
144,72.17,16.0,64.51,14.67,17.0,91.51,,16.19,120.96,12.4,11.84,113.03,133.46,14.06,96.59,12.22
145,63.41,16.0,61.52,13.33,12.72,90.24,,15.03,97.66,13.97,16.63,76.67,76.71,15.84,66.46,13.85
146,75.29,10.7,65.53,14.27,15.0,,88.24,14.32,94.28,13.17,8.48,75.22,75.21,12.18,79.4,12.26
147,65.57,13.17,62.03,12.67,15.0,88.82,,13.07,82.51,10.94,12.0,66.56,86.95,14.58,62.1,11.47
148,68.83,10.25,58.53,,,87.04,79.81,11.01,98.52,17.12,11.48,67.53,74.05,10.08,62.41,
149,81.9,13.67,60.55,14.0,13.0,96.57,80.79,13.31,100.47,10.73,15.0,80.18,105.12,15.67,85.95,12.46
150,74.57,13.5,65.53,14.93,11.5,100.66,96.78,10.07,115.5,13.61,13.67,133.14,128.71,12.82,77.74,13.88
151,66.67,15.84,61.54,16.0,15.5,88.29,85.03,14.7,61.86,13.45,14.24,86.3,85.22,14.64,65.76,14.22
152,57.71,9.34,51.53,9.27,10.5,71.64,61.03,9.39,24.03,11.21,12.0,41.64,54.31,13.69,21.45,10.49
154,74.76,14.75,65.51,16.67,14.0,87.56,88.03,13.36,117.5,15.44,18.17,83.95,82.91,17.75,,17.39
155,62.63,12.67,55.51,12.33,14.0,84.09,75.07,14.07,74.09,10.42,10.92,75.86,80.41,14.28,75.27,10.03
156,75.64,13.17,69.05,10.67,17.0,93.47,93.61,15.62,102.26,12.96,11.67,61.37,84.26,12.91,72.98,11.87
157,67.68,15.67,60.03,17.0,15.0,84.52,,17.36,97.93,18.29,14.84,84.19,113.11,17.55,75.84,11.27
158,62.13,14.5,59.04,12.67,15.5,82.63,79.06,15.71,54.09,14.49,18.42,62.01,81.42,18.79,50.21,14.36
159,59.21,16.5,55.03,12.33,16.0,81.58,,16.97,85.1,14.54,10.75,57.76,63.64,12.7,64.87,10.87
160,,12.84,58.02,12.0,12.0,82.64,80.52,11.99,62.98,12.56,12.75,59.77,66.47,14.58,55.96,12.44
161,58.84,13.67,50.51,11.33,15.0,77.56,,15.32,50.6,16.83,15.5,39.27,51.95,16.57,40.52,11.99
162,76.25,13.67,67.51,14.67,10.0,99.61,90.52,,135.33,,17.34,131.75,113.12,14.45,73.84,15.98
163,72.22,17.0,65.54,13.67,16.5,93.37,87.74,17.62,85.74,13.8,14.87,76.98,95.79,14.75,72.54,15.89
164,67.81,14.17,60.01,15.0,13.5,86.13,85.36,16.0,86.8,16.17,15.9,54.46,89.19,17.67,65.22,17.94
166,72.94,13.34,65.0,13.0,13.0,90.59,,14.0,118.08,12.69,12.25,76.53,111.39,14.93,80.12,11.82
167,,14.17,65.0,,13.0,91.31,86.63,12.15,66.49,11.4,12.76,77.47,105.19,12.58,,
168,65.83,11.67,55.5,11.67,12.5,85.57,75.94,12.35,58.46,10.82,15.52,35.09,63.61,13.74,48.31,11.69
169,76.12,9.67,67.5,10.83,13.0,91.97,86.56,12.67,85.48,11.67,13.42,90.33,105.22,12.97,45.97,11.51
170,61.36,13.67,55.01,11.67,13.0,84.3,75.31,13.42,68.05,13.1,13.84,48.92,64.76,14.28,55.39,13.61
171,62.07,13.0,56.51,10.0,13.0,83.54,79.75,13.96,76.5,14.88,15.17,63.64,74.36,15.4,49.03,16.01
172,56.26,11.34,50.54,13.73,14.0,75.14,69.7,15.65,46.65,11.47,13.42,38.01,57.62,14.03,35.67,10.45
173,81.47,15.5,71.02,11.6,14.0,,92.82,,,,18.3,74.02,85.9,17.68,66.27,15.14
174,70.73,15.17,62.02,13.67,11.5,88.87,,13.95,80.07,13.72,14.67,57.79,70.23,14.2,56.1,11.74
175,68.26,11.17,61.49,11.67,12.5,89.04,86.08,12.27,83.73,15.83,18.0,69.88,88.67,18.16,66.67,15.52
177,62.65,13.34,65.02,11.33,11.5,86.45,91.09,13.21,101.45,,15.3,96.98,116.43,16.37,74.16,16.74
178,69.43,10.33,65.5,9.6,12.0,88.47,89.17,11.59,68.41,14.62,16.09,75.73,96.39,14.93,58.24,13.25
179,58.88,10.75,,10.27,14.72,85.23,54.88,11.31,49.38,14.03,14.21,30.36,67.87,15.82,48.25,12.11
180,68.91,14.67,63.01,13.67,14.0,86.82,,13.34,65.72,,12.17,85.95,92.62,13.63,50.65,13.89
181,60.18,9.7,59.0,10.33,12.5,80.82,78.94,10.74,50.51,12.94,12.81,45.07,53.07,15.88,39.77,12.96
182,66.11,12.92,60.51,17.0,16.0,85.91,,19.0,95.77,13.61,11.25,72.83,97.36,13.92,74.75,12.1
183,67.41,13.5,60.5,14.17,12.5,88.9,,14.32,60.95,16.51,15.77,52.06,70.32,18.49,71.97,15.72
184,61.64,12.17,54.51,,9.5,79.91,76.94,9.68,65.39,13.78,16.3,51.42,62.53,13.64,49.56,
185,78.74,12.0,66.96,11.73,12.0,85.64,87.83,15.03,76.32,15.76,15.15,69.43,87.1,14.95,64.73,12.41
187,54.61,11.34,52.98,12.0,11.5,76.59,70.08,11.0,66.58,14.36,17.34,56.55,70.16,17.41,52.82,15.57
188,61.13,16.84,59.99,15.33,18.0,89.32,82.94,17.29,65.0,12.86,14.25,56.08,67.55,13.97,62.88,14.47
189,,13.37,63.51,,12.5,,88.04,,,,17.48,65.54,55.86,16.9,,
190,69.76,12.67,68.97,12.5,15.0,94.16,87.61,13.37,77.34,11.12,12.92,60.3,57.98,12.63,58.59,11.73
191,70.54,12.67,57.51,12.0,13.0,85.18,80.53,14.34,79.87,13.88,12.97,71.39,72.55,15.44,70.3,12.8
192,65.46,14.0,62.51,12.67,14.0,90.7,86.29,14.02,72.89,14.05,12.67,75.18,78.05,14.77,62.31,13.63
194,66.9,14.84,59.51,15.33,15.0,85.2,78.76,14.33,76.67,11.72,15.45,57.94,79.02,15.06,69.08,14.02
195,72.69,12.34,62.48,11.33,12.0,88.37,82.57,11.62,97.57,10.88,13.2,86.44,97.11,11.57,72.68,9.75
196,,11.67,64.5,12.33,14.5,89.9,87.04,14.33,95.71,14.15,14.0,78.09,93.32,15.16,78.66,14.74
197,67.61,12.17,57.97,12.33,14.5,84.59,79.02,13.02,49.7,11.53,14.0,34.3,45.7,15.07,39.27,15.25
198,53.75,12.0,48.5,11.5,13.0,76.77,65.91,13.7,44.16,13.66,13.17,36.64,38.99,14.97,32.38,10.78
199,67.47,15.34,62.47,13.33,13.0,89.11,86.17,15.66,95.67,13.03,12.46,69.38,81.87,13.89,81.62,14.41
200,76.65,13.67,65.49,13.07,15.0,91.06,87.09,13.7,107.76,12.7,13.94,106.08,116.61,15.03,78.25,16.01
201,67.11,12.5,63.51,12.0,15.5,87.98,79.04,16.0,122.87,13.97,12.5,108.99,126.01,14.39,108.09,9.02
202,56.15,10.84,51.47,10.33,11.5,75.76,73.25,9.94,66.92,13.48,13.59,54.38,65.48,15.05,49.09,10.82
203,64.68,11.67,59.96,14.67,12.0,87.0,80.88,11.67,44.41,13.62,13.67,32.3,64.08,13.65,93.96,11.52
205,77.25,15.37,64.48,12.0,14.72,91.57,90.91,12.29,96.23,11.69,13.14,99.51,107.53,12.59,83.5,10.7
206,66.76,11.67,59.44,10.67,11.0,87.65,79.92,12.98,83.18,13.33,13.67,67.42,84.41,12.73,73.02,14.02
207,62.43,13.34,54.98,13.0,14.0,83.15,75.11,14.69,52.99,14.49,14.58,40.85,55.6,16.26,53.74,11.89
208,61.29,13.25,62.01,11.5,13.5,88.95,85.87,13.32,103.59,13.11,12.79,70.77,92.68,13.62,65.4,13.11
209,69.97,14.42,62.5,14.33,14.5,89.1,,14.65,73.73,16.14,15.12,74.36,79.7,16.48,72.28,13.32
210,53.76,16.83,57.0,15.5,17.0,83.9,78.21,14.95,39.44,10.91,13.17,52.07,66.7,15.77,37.22,11.44
211,77.76,10.33,,,,102.71,91.39,,87.41,,9.94,70.37,90.48,,69.92,
212,70.58,15.67,65.47,13.67,16.0,90.93,88.67,15.63,109.42,15.61,15.83,82.75,97.48,16.24,75.76,13.59
213,68.62,14.67,64.44,13.67,15.28,89.41,87.85,14.33,88.48,15.48,16.34,72.79,94.57,15.77,71.96,15.17
214,67.76,10.37,61.47,9.67,12.5,87.3,83.57,10.64,109.65,19.85,11.14,69.77,75.48,14.57,53.17,9.82
215,68.83,13.5,65.96,13.33,13.0,89.0,87.25,13.26,104.03,12.99,13.95,102.88,110.85,12.55,75.63,13.27
217,63.95,15.03,62.49,15.5,15.0,88.48,87.33,14.41,53.93,13.02,17.48,49.11,57.64,14.3,38.62,13.7
218,63.0,11.17,57.48,13.33,12.5,83.5,69.59,13.67,79.62,12.66,9.6,72.16,98.0,14.5,77.19,13.55
219,69.99,11.0,65.47,9.67,10.5,89.13,86.91,11.3,113.9,16.7,16.14,92.31,105.03,14.57,82.12,13.89
220,65.42,12.67,58.46,11.0,12.5,86.56,79.4,12.36,59.6,15.04,13.65,43.23,72.85,15.8,60.56,13.3
221,74.5,14.67,57.98,12.67,15.0,90.56,79.06,14.69,73.38,9.74,13.34,64.19,89.63,16.6,63.29,11.3
222,68.79,12.33,61.49,10.67,12.5,87.54,56.3,12.93,113.73,14.42,15.67,88.27,106.93,17.22,73.59,14.63
223,76.54,13.0,67.98,12.0,9.28,102.54,91.88,9.95,98.09,11.54,14.75,93.36,101.76,12.35,91.3,13.72
224,71.56,15.67,63.98,13.0,14.5,89.76,87.39,15.95,63.33,13.53,13.83,73.93,89.34,12.66,59.39,12.42
225,,14.5,62.48,,12.0,87.82,87.03,14.46,85.76,15.7,16.42,73.95,79.01,,,
227,71.24,14.67,66.51,10.67,13.5,94.04,91.02,13.32,103.26,12.09,13.55,110.94,120.35,14.63,83.85,11.47
228,59.21,13.0,54.98,13.33,13.0,83.26,80.35,11.69,41.01,13.11,13.0,49.63,,14.79,49.73,14.22
229,76.08,17.84,63.99,12.33,20.0,91.77,,19.34,124.7,15.78,14.03,108.78,121.96,15.42,79.47,13.15
230,81.21,10.97,,15.67,11.72,103.47,91.09,12.03,95.32,11.43,13.36,101.75,111.68,13.48,79.88,15.14
231,60.1,10.5,54.51,,11.5,88.67,78.88,15.0,95.19,14.93,11.17,36.96,57.16,12.5,34.24,
232,76.81,16.17,67.96,13.6,14.5,91.1,87.13,15.01,117.78,14.6,12.58,102.63,120.47,13.52,70.3,15.76
234,65.11,14.17,57.98,10.83,12.72,85.43,77.64,12.64,75.11,11.25,11.5,59.37,76.59,12.37,60.49,7.44
235,56.97,16.75,59.98,15.67,15.5,85.41,83.75,15.0,78.82,13.57,17.5,65.44,67.51,18.28,54.45,17.64
236,69.73,11.2,66.01,11.0,11.28,91.83,90.57,12.63,102.49,17.94,17.81,91.97,73.93,14.6,86.26,19.29
237,62.96,16.34,56.99,17.33,15.5,85.17,74.54,16.33,74.88,12.03,11.5,58.33,79.13,13.36,58.31,12.55
238,70.65,12.34,61.98,12.0,12.0,89.07,,13.64,69.64,13.98,16.22,66.7,68.66,16.02,59.45,13.47
239,67.81,12.67,60.97,12.33,13.0,,,,,,17.5,37.31,44.79,18.3,42.65,15.56
240,55.75,11.7,51.45,12.0,13.5,76.71,73.04,12.7,78.57,12.89,14.48,53.04,71.06,14.75,63.92,11.23
241,69.03,13.34,60.47,11.67,14.5,87.42,79.34,15.37,84.53,15.37,14.92,68.36,85.31,14.96,86.26,12.14
242,,10.5,63.5,,8.0,,,,,,13.5,105.6,86.6,14.62,,
243,74.86,11.34,65.97,9.17,11.5,91.65,84.47,10.67,89.99,14.82,11.59,106.69,105.64,15.74,81.99,12.67
244,79.97,14.0,70.0,13.83,15.5,98.09,90.71,,131.75,,12.67,132.15,124.27,12.58,99.35,10.83
246,65.26,12.34,60.99,12.17,13.0,84.84,,13.68,65.71,12.54,14.07,59.29,,13.42,65.86,13.23
247,75.9,14.0,61.51,12.67,13.5,92.49,86.23,12.68,127.55,12.76,13.75,90.26,95.01,16.34,74.81,13.17
248,64.57,11.17,60.5,10.67,11.5,87.21,80.17,10.37,77.41,10.88,14.5,66.87,77.34,15.44,56.9,14.44
249,72.68,13.34,67.01,13.33,13.5,92.38,90.04,13.96,93.75,10.9,11.87,86.17,98.17,12.71,62.05,14.01
250,60.93,14.67,55.49,13.67,15.0,80.1,78.22,14.68,59.44,12.52,14.67,37.28,73.09,14.25,53.05,11.86
251,68.09,13.0,62.97,13.0,12.0,90.23,87.91,13.64,95.55,14.61,14.84,69.81,98.14,14.32,82.82,12.39
252,74.28,12.34,64.47,14.0,13.5,89.02,86.75,13.96,94.59,11.58,14.5,97.88,100.81,14.85,85.01,14.61
253,70.13,15.03,68.0,13.0,14.0,90.1,92.0,15.35,92.24,14.3,13.81,84.57,99.84,13.85,86.1,15.45
254,67.89,12.7,62.48,11.73,18.0,87.21,80.94,15.0,87.8,8.94,7.81,60.76,76.32,12.77,67.53,5.55
255,67.63,12.83,59.51,12.33,14.5,87.77,83.89,12.7,77.49,14.16,15.08,53.51,95.21,14.5,63.83,12.16
257,69.75,14.67,64.47,13.0,15.0,95.88,90.53,16.0,85.69,17.6,18.67,84.04,82.31,18.21,66.5,16.91
258,68.99,15.67,64.99,14.0,16.0,93.06,90.31,15.96,127.09,13.82,15.67,109.92,118.42,17.33,111.54,15.14
259,66.51,14.67,62.01,13.33,13.5,85.49,84.54,13.69,86.22,10.84,14.04,71.33,94.01,13.56,81.34,13.18
260,57.97,10.5,49.98,9.67,15.5,73.54,68.11,13.26,49.23,15.34,14.92,45.74,63.53,16.64,42.53,8.55
261,68.87,14.17,65.49,10.93,11.0,90.11,81.22,14.67,72.94,10.36,9.5,71.22,80.67,9.56,63.2,10.49
262,66.93,13.34,62.5,13.67,12.5,89.13,88.38,15.02,96.44,17.87,17.34,85.69,93.02,17.83,77.44,19.74
264,67.4,15.59,56.99,11.5,15.5,84.26,75.45,13.78,81.75,11.15,12.84,56.72,96.99,17.56,74.33,12.36
265,71.93,14.67,64.51,15.67,15.5,90.42,86.42,15.72,89.89,11.67,14.0,77.76,102.49,14.08,77.05,13.94
266,68.31,10.67,59.01,9.33,11.5,83.74,84.89,10.64,59.55,11.8,12.22,47.09,62.09,13.01,56.22,14.27
267,71.42,13.5,63.51,11.0,13.0,89.63,88.75,12.7,88.17,16.07,16.17,98.5,82.66,18.35,85.23,15.05
268,61.3,11.5,55.54,10.33,12.0,81.43,80.89,11.63,56.38,14.19,15.75,46.71,45.67,14.08,35.88,10.19
270,65.38,15.0,58.49,15.33,15.5,87.01,82.73,14.69,67.79,10.32,11.34,63.83,67.51,12.99,53.47,9.75
271,66.37,14.5,62.01,14.33,15.5,88.59,84.61,15.69,93.31,15.44,16.42,83.57,100.17,15.89,72.82,14.16
272,70.93,14.7,64.03,12.5,13.5,89.63,89.18,13.33,98.64,13.67,15.14,93.19,100.19,15.39,84.1,16.17
273,76.98,15.7,67.52,15.0,15.5,94.82,89.77,14.73,118.14,12.52,13.81,105.52,100.13,13.98,81.27,13.3
274,60.82,14.5,54.54,13.0,14.5,79.26,73.68,14.0,57.56,15.06,14.83,51.87,62.17,16.64,38.53,7.53
