Taxa,TotalIF21SY,TotalIF21CP,O20SY,TotalFA20SY,P21SY,TotalFA21SY,TotalIF20SY,O20NK,P21CP,TotalIF20NK,O21SY,TotalFA20NK,P20SY,TotalFA21CP,O21CP,P20NK
G1,5522.18,5185.73,19.92,332.39,40.58,494.16,4578.23,19.33,,3435.93,20.31,436.46,42.16,460.94,,41.62
G10,,3506.75,20.65,301.6,,,4480.72,21.56,41.13,1686.61,,384.29,41.83,444.42,20.58,39.42
G100,4349.31,4086.18,20.73,281.88,41.63,469.36,4195.2,18.88,42.11,1342.46,20.47,269.02,42.46,404.59,20.23,42.6
G101,4896.38,4881.49,20.49,281.89,41.43,393.33,4406.29,18.09,40.24,1697.03,20.32,415.21,42.63,374.46,20.81,41.61
G102,3587.4,2929.13,18.98,304.21,42.58,548.27,5111.75,19.44,43.76,2338.69,18.29,386.69,45.28,478.83,18.9,39.3
G103,4877.77,3837.74,20.27,387.78,40.93,675.99,4769.98,,42.2,597.94,20.58,464.55,42.88,596.37,20.03,
G104,3365.32,3942.34,20.49,278.97,,438.6,3621.73,,42.4,,23.54,,43.12,349.33,19.89,
G105,5576.22,3609.5,20.94,288.02,40.21,459.62,4149.28,20.43,39.63,1106.04,20.59,406.23,41.44,364.7,21.08,43.32
G106,4748.38,3404.05,21.13,320.45,41.1,547.32,5710.02,20.07,41.29,2500.18,20.01,481.94,40.62,435.17,20.15,37.79
G107,4666.72,3977.57,19.77,257.66,39.77,498.39,5175.58,21.25,41.15,1447.0,20.56,431.23,43.32,386.62,20.1,41.12
G108,4179.12,3690.05,20.49,260.78,,473.08,3959.31,,42.08,2421.62,,275.65,41.25,464.12,19.59,
G109,3854.19,3285.4,21.67,246.7,39.37,444.16,3592.11,21.06,41.44,3018.16,20.88,330.29,41.13,407.24,21.32,42.4
G11,5629.56,5601.88,21.05,332.51,41.07,566.0,5122.86,,40.3,2623.05,20.78,577.23,40.68,456.62,20.89,
G110,5561.58,4900.0,,277.95,40.9,490.46,5674.73,20.15,42.31,2952.05,20.79,541.48,,389.28,19.87,40.08
G111,4582.79,4274.43,20.7,294.73,41.83,529.38,5254.82,21.49,41.52,3395.2,19.48,324.35,41.81,396.12,20.53,40.56
G112,4881.12,4709.04,21.33,279.13,42.86,457.64,5512.3,19.4,39.79,1651.84,21.12,432.0,42.72,453.0,20.36,40.58
G113,3985.75,3836.64,19.19,302.82,43.76,573.32,2516.79,,43.6,,19.49,,43.1,368.93,19.25,
G114,4872.95,3954.4,20.6,260.45,,481.82,6651.69,19.66,44.55,1207.33,19.82,430.67,41.28,429.81,19.73,42.78
G115,4139.67,4416.22,19.96,235.59,43.33,480.42,5181.92,,43.8,,19.38,,45.0,389.08,19.97,
G116,4826.61,1590.14,20.36,251.5,45.83,525.87,4082.64,21.52,40.15,1423.72,19.24,412.92,43.86,432.97,20.88,37.0
G117,4856.94,2385.28,21.47,354.38,,446.48,4676.54,,42.06,,19.54,,40.47,415.23,20.37,
G118,3510.5,3432.14,20.42,297.62,42.2,443.13,3194.47,20.59,40.87,1755.59,19.87,405.69,42.12,385.92,20.68,40.84
G119,3987.32,3651.05,22.02,400.82,40.95,454.6,3793.84,20.88,44.06,2457.86,20.52,331.79,39.53,412.65,19.71,39.44
G12,4218.64,3803.52,19.96,267.29,43.16,423.94,9026.4,19.02,41.65,1716.65,19.75,438.11,43.92,381.76,19.64,41.14
G120,5218.31,4140.49,21.04,314.56,41.65,419.86,4878.94,19.91,43.28,2188.5,20.26,361.05,41.85,444.28,19.03,41.33
G121,4284.37,3190.85,,319.27,41.99,406.84,3808.92,19.83,41.2,2485.98,19.94,894.49,,482.99,19.53,38.89
G122,4151.61,3304.3,20.29,432.79,41.35,723.82,4749.71,20.37,42.17,2550.19,19.14,434.68,43.03,862.59,20.3,40.9
G123,4018.93,4106.14,20.96,367.41,42.63,544.3,4501.67,,42.34,,20.21,,42.23,468.07,20.1,
G124,5254.74,2881.73,20.26,276.41,42.35,377.87,4487.57,21.32,40.87,3084.32,19.55,330.77,43.1,357.89,21.27,37.41
G125,4043.05,3051.45,21.4,359.86,43.46,432.33,4664.31,20.92,40.7,1800.14,20.08,338.49,41.9,441.32,20.97,40.77
G126,4062.65,,21.24,402.51,42.21,437.62,4684.29,21.29,,1641.63,20.4,376.99,41.62,574.18,,39.99
G127,6716.66,4812.36,20.36,287.7,40.23,358.53,5065.95,20.86,41.35,4277.44,19.83,334.78,41.97,460.2,19.9,38.37
G128,4220.64,3096.06,21.38,271.01,41.14,358.07,4217.7,21.52,40.46,1857.41,21.36,265.6,42.64,,21.45,38.21
G129,4252.3,6320.3,20.37,377.46,41.51,491.81,5233.09,19.96,40.81,3399.23,20.26,508.99,42.31,407.16,20.63,40.74
G13,2471.94,2097.07,20.21,246.86,42.96,517.26,2453.32,,42.15,,20.09,,42.21,479.79,20.7,
G130,4304.78,1412.25,21.23,266.36,42.07,451.6,3422.78,19.65,41.13,679.56,20.33,297.82,41.46,369.28,19.61,40.05
G131,5680.36,4868.8,20.09,331.28,41.12,372.28,5787.54,,41.95,,20.08,,42.87,,19.22,
G132,5357.88,3974.87,20.84,277.93,40.54,418.9,4141.19,18.37,42.71,2090.28,20.6,364.39,41.54,375.81,20.53,43.94
G133,4939.72,4720.25,20.08,274.91,43.21,394.18,4661.99,20.4,40.81,3275.08,19.7,358.54,42.61,393.67,20.57,38.38
G134,5021.06,4063.82,20.46,276.27,42.28,377.81,4129.11,20.25,43.43,3929.52,19.92,343.4,41.21,381.45,19.0,40.01
G135,4940.31,3704.37,22.26,292.3,41.22,401.1,4422.4,,38.86,,21.6,,38.93,383.57,22.4,
G136,4349.45,3030.69,21.76,349.85,41.57,384.5,4606.92,,38.56,,20.3,,39.93,398.59,21.62,
G137,4250.17,2927.34,21.36,294.12,42.24,382.41,4807.56,20.14,41.04,1673.52,21.0,430.95,41.09,424.95,21.58,38.53
G138,4120.23,3070.95,20.01,259.15,41.97,350.16,4712.87,,41.54,,19.94,,43.34,352.79,20.84,
G139,3838.34,3062.4,20.78,247.65,43.36,367.08,3987.78,20.83,41.98,1602.52,20.3,336.99,43.49,394.27,21.27,40.63
G14,3818.03,3618.33,19.34,273.36,43.61,436.51,5132.76,,42.55,,18.68,,43.4,492.66,18.58,
G140,7573.94,5770.72,20.87,345.11,41.36,425.47,6053.18,,41.16,,20.4,,41.06,502.75,20.65,
G141,4619.73,3631.07,21.5,285.3,42.03,407.73,5138.86,19.97,40.99,1774.26,20.39,318.88,39.74,390.98,20.51,39.97
G142,4861.56,4770.47,20.37,262.77,42.87,321.88,4531.39,20.88,43.67,1813.49,19.29,317.15,42.06,339.32,19.25,40.47
G143,5892.68,4453.1,20.73,343.66,41.49,495.8,5781.63,,42.95,2497.4,19.5,506.66,40.97,406.74,19.11,
G144,4258.47,3343.98,20.42,322.59,43.73,399.44,4493.39,20.37,44.4,6026.29,18.51,667.94,42.4,377.76,18.32,40.93
G145,4625.43,4269.7,20.5,297.58,44.15,389.66,4352.84,19.82,42.96,2802.6,18.74,345.84,43.03,379.77,19.6,41.7
G146,3926.68,3541.87,20.02,274.05,45.25,355.51,4449.1,20.83,43.35,1707.86,18.93,408.68,43.98,355.5,20.02,44.03
G147,2868.63,2084.6,20.51,208.92,41.29,367.32,3928.91,,43.73,,20.24,,42.83,368.5,19.99,
G148,3549.25,3372.32,22.07,212.13,41.95,379.65,4732.15,,41.4,,21.09,337.62,39.75,380.09,20.85,
G149,4817.45,3857.89,21.4,206.85,39.82,404.46,4999.38,,38.63,,20.78,,39.86,365.77,21.51,
G15,4086.84,3464.4,20.94,236.07,41.92,385.72,5504.31,,41.11,,20.37,,43.4,422.55,21.19,
G150,3311.36,3005.41,19.82,227.86,44.97,478.32,3700.76,19.06,41.74,1489.44,19.09,367.1,43.38,385.44,19.85,43.13
G151,3797.03,2735.3,21.06,275.9,41.6,468.29,3860.91,,40.91,,20.62,,41.98,499.84,21.49,
G152,3956.86,2993.75,19.78,268.25,42.94,422.45,5133.35,,42.64,,19.9,,43.54,520.41,19.87,
G153,5966.33,5412.5,20.13,222.04,42.7,355.03,6130.63,19.48,43.46,1373.98,19.63,360.12,42.98,456.05,19.57,42.24
G154,4553.96,3525.6,20.56,198.6,43.28,407.9,4304.23,21.45,44.36,3486.0,19.76,357.17,42.51,445.38,19.59,38.62
G155,5641.86,3897.05,19.83,201.68,43.93,296.53,4434.73,,44.17,,19.69,,44.03,431.77,19.85,
G156,6251.48,4565.67,20.06,201.44,41.99,374.27,6785.09,19.51,44.47,3426.45,20.16,320.41,42.95,421.2,19.95,43.19
G157,6383.16,4792.8,20.64,423.13,41.39,387.84,5850.32,,42.67,,19.99,,40.79,478.32,19.81,
G158,6644.5,4970.77,21.38,431.96,43.11,385.91,5672.38,20.76,41.2,2930.9,19.4,527.38,40.45,463.2,21.1,40.2
G159,5674.2,5144.84,20.86,403.63,42.71,455.59,5573.22,21.37,41.99,1135.64,20.01,424.04,41.55,629.85,20.83,37.32
G16,5460.61,5109.6,20.69,274.4,40.78,348.44,5453.94,,41.06,,20.45,,39.28,340.16,20.15,
G160,4233.19,3611.86,20.87,503.13,43.13,291.47,5225.09,19.45,42.55,4373.14,20.0,588.4,40.45,445.71,20.33,41.84
G161,4536.43,4165.13,21.34,401.68,42.31,410.14,5898.45,20.93,40.87,2832.07,19.93,402.99,40.35,459.49,20.79,40.31
G162,4678.06,4249.52,22.26,397.31,38.07,426.03,5132.16,20.57,38.73,3274.89,22.34,387.96,38.99,364.12,22.14,39.44
G163,5709.24,5580.01,19.99,433.96,42.49,519.46,5866.84,,42.69,,19.78,,42.71,428.68,20.32,
G164,5846.46,5348.21,20.34,456.91,42.0,330.78,5829.93,,40.66,,20.15,,43.03,358.99,20.74,
G165,,2683.58,20.62,401.88,43.9,,4262.03,,44.44,,19.84,,43.11,452.9,20.42,
G166,4468.06,4699.48,20.59,466.71,41.85,585.34,4438.05,,42.55,,19.46,,41.3,494.25,20.11,
G167,2976.29,1904.75,21.25,400.01,41.86,564.15,3918.93,,41.16,1512.4,20.28,471.72,40.91,585.23,21.11,
G168,5100.04,4650.68,20.02,343.15,43.03,387.13,5105.88,19.76,42.97,2858.44,19.76,309.41,43.78,426.6,20.1,41.5
G169,4254.34,3496.36,20.17,378.54,43.11,459.29,3726.58,20.23,42.56,2123.84,20.3,322.85,43.32,448.07,20.34,43.67
G17,3403.23,2820.6,22.55,253.67,40.41,374.42,4946.16,21.44,40.39,1556.28,21.63,279.03,39.17,352.78,21.69,39.58
G170,3784.96,2588.46,20.12,327.61,43.17,422.22,4070.3,,41.34,,20.11,,43.95,389.67,21.14,
G171,4284.26,3875.59,21.41,434.01,41.13,495.45,4744.86,,38.68,,20.38,,39.78,506.93,21.31,
G172,4606.69,4170.37,21.43,363.01,40.82,422.69,5278.19,21.29,41.34,2040.54,21.46,380.74,42.79,402.93,22.28,40.79
G173,5068.11,3497.58,20.68,355.04,39.78,376.01,5146.81,17.82,40.08,2117.47,20.47,369.17,40.33,463.46,20.47,46.05
G174,3840.68,3166.05,21.32,347.21,40.03,415.04,4105.01,21.93,41.9,2345.49,21.29,420.62,41.52,481.91,21.41,40.32
G175,3100.93,3548.73,19.51,389.05,45.39,629.83,3490.77,,45.39,,18.85,,44.48,536.08,18.95,
G176,4352.44,3168.54,20.05,454.81,42.41,593.61,3598.13,18.68,41.78,1764.33,19.76,494.76,43.18,617.9,20.42,42.16
G177,3529.59,2620.32,21.81,349.77,41.06,406.52,4110.41,20.33,41.35,1262.41,20.43,387.9,40.69,430.12,21.99,40.56
G178,3428.26,2633.89,21.06,350.22,40.16,403.65,4485.91,,42.65,,20.06,,41.26,423.6,20.66,
G179,5528.22,5266.1,20.94,326.01,42.27,424.76,5963.05,20.84,41.82,3742.01,20.67,349.64,41.92,463.77,20.8,39.35
G18,5069.79,5896.89,19.87,327.11,43.64,467.87,4764.93,18.77,41.89,575.39,19.51,380.64,41.74,416.86,19.68,41.42
G180,4157.98,4539.82,19.61,332.03,43.82,545.63,5449.99,20.0,41.45,4183.26,19.4,374.39,43.32,419.16,20.62,40.02
G181,5673.26,5843.59,20.42,309.04,42.02,386.23,6127.32,20.03,39.05,2601.43,19.9,300.69,41.69,358.03,21.65,40.2
G182,3878.17,3380.16,20.9,301.87,41.65,407.12,4563.0,19.71,42.04,2158.69,19.99,304.71,42.41,455.61,20.93,39.66
G183,3170.06,3069.91,21.03,280.72,40.59,451.25,3864.3,22.32,41.36,2450.85,20.5,397.94,41.72,430.68,21.15,37.25
G184,5631.23,5156.55,20.23,300.22,39.31,501.3,4944.69,,37.47,,20.31,,40.48,433.77,21.58,
G185,5918.12,6373.9,20.28,326.36,39.07,478.71,5131.3,19.93,38.54,4587.36,20.53,348.64,39.6,445.14,20.91,39.02
G186,5531.24,4392.49,18.79,358.42,41.28,552.79,5651.73,,42.06,,18.8,,43.6,484.64,18.83,
G187,5096.54,4549.96,21.71,311.64,39.77,394.9,6036.32,,37.1,,20.39,,37.51,404.19,21.69,
G188,4066.92,3241.49,21.05,270.58,36.63,306.57,4957.92,,37.35,,21.83,,39.51,464.51,22.33,
G189,4717.64,3276.95,20.32,267.25,,360.02,4349.62,,39.61,,,,41.75,330.91,20.81,
G19,3170.63,3105.22,20.39,240.7,44.76,381.76,3794.3,19.78,42.64,1475.43,18.84,269.93,42.64,587.8,19.76,43.31
G190,6387.14,6172.58,19.52,305.0,44.5,454.51,5435.64,19.32,44.24,4154.78,18.72,334.86,43.61,359.98,19.02,42.2
G191,4346.43,2993.39,18.92,304.32,43.81,485.19,4753.64,18.28,45.04,2558.52,18.56,367.99,44.9,496.84,18.54,42.63
G192,3913.4,2872.19,19.12,305.18,43.6,496.01,3949.99,18.22,45.5,3146.63,18.91,343.15,44.52,462.44,18.78,42.42
G2,5581.04,4348.82,,431.8,43.93,523.75,5173.82,,43.32,,19.39,,,599.08,18.85,
G20,3545.64,2756.67,21.2,303.52,41.58,444.49,3809.52,21.13,42.09,1487.39,20.64,334.15,40.76,410.26,20.62,39.94
G21,4201.6,3556.99,20.84,292.58,43.09,415.96,3817.48,,41.25,,19.37,,42.44,623.64,20.67,
G22,3411.38,2571.11,21.01,370.95,39.91,459.15,4009.79,,41.74,,21.0,,41.12,470.95,20.81,
G23,3219.21,2743.33,21.33,334.8,43.48,326.54,3975.57,,43.77,,20.72,,41.3,506.83,20.39,
G24,4233.95,3707.23,20.73,251.17,40.27,385.91,4218.14,19.26,40.23,1883.77,20.88,339.11,41.39,336.35,20.52,39.42
G25,4809.59,4794.61,19.76,329.3,41.84,398.15,5386.07,18.75,40.6,2008.35,19.7,535.87,43.0,526.69,19.98,41.91
G26,5916.44,5302.12,19.71,337.72,40.9,433.95,4288.8,17.62,41.18,3064.14,19.68,528.54,41.76,541.04,19.89,41.14
G27,4549.03,3014.58,20.56,209.53,43.48,409.43,4249.8,20.34,44.52,1765.61,19.83,380.82,43.05,551.11,19.14,41.51
G28,5413.49,4466.46,19.94,245.41,41.71,441.73,4728.43,19.83,42.5,3031.3,19.72,454.62,41.65,566.25,19.08,40.81
G29,5944.43,4467.13,20.24,235.35,40.44,358.61,4923.89,20.11,43.62,2588.56,19.7,401.52,41.69,614.56,19.24,45.04
G3,4828.46,3539.89,21.0,276.44,42.89,375.21,4740.39,20.7,44.94,2194.73,20.17,264.38,41.42,414.27,19.2,42.13
G30,5209.83,3991.19,19.62,216.97,43.6,428.25,3850.26,,42.04,2587.0,19.1,676.71,43.1,357.05,20.04,
G31,3215.56,3258.19,20.58,239.39,44.59,365.98,4055.46,18.45,44.34,1610.78,19.3,317.82,41.99,375.55,19.89,45.14
G32,4970.93,3203.38,20.52,233.01,45.66,476.08,4802.58,19.65,43.33,1442.31,19.8,327.57,43.77,422.14,20.33,41.25
G33,,,20.97,227.01,,,4332.21,20.02,,2886.88,,407.43,41.88,,,39.01
G34,3238.93,2227.08,20.97,186.04,41.83,352.18,3915.92,21.53,42.97,778.98,21.01,358.15,41.86,332.72,21.07,37.04
G35,3978.27,3223.18,20.42,225.7,43.09,339.5,3902.9,18.85,41.39,1101.04,20.03,267.38,42.33,376.42,20.66,44.65
G36,4004.78,3047.76,21.04,194.15,41.52,336.94,6173.08,19.69,39.74,2239.55,20.77,388.44,41.99,380.5,21.05,40.37
G37,5339.57,4063.99,20.21,313.7,41.78,345.31,4299.14,,41.68,,19.85,,42.28,325.99,19.9,
G38,3405.05,2781.99,21.25,309.05,41.47,356.11,4557.05,20.14,40.22,1353.11,20.52,344.29,41.73,336.88,21.53,38.43
G39,5377.55,4615.88,21.83,444.56,39.7,484.32,5546.82,19.18,38.17,2138.07,20.56,530.93,38.93,426.68,21.75,38.16
G4,5464.0,3289.02,20.89,297.21,40.82,422.06,4979.45,19.73,41.55,2656.35,20.88,483.12,41.26,444.52,20.58,43.64
G40,,,20.47,338.2,,,3826.25,19.81,,2200.9,,346.36,42.55,,,40.61
G41,2875.36,2412.96,20.46,346.71,45.18,416.5,3882.95,18.96,42.8,925.5,19.11,297.89,43.52,365.29,19.85,43.62
G42,4896.44,4299.77,21.37,332.68,41.84,452.43,4597.85,21.18,40.81,1717.72,20.54,410.82,40.76,442.99,21.49,40.01
G43,4354.35,3170.3,21.32,252.51,42.04,393.02,3811.54,19.82,40.46,1156.44,20.35,269.25,39.77,418.27,20.64,39.32
G44,2974.1,2488.73,20.72,366.54,43.88,402.02,3713.37,19.9,43.77,942.74,20.02,318.18,42.35,398.04,20.1,42.38
G45,3495.05,2264.12,20.98,340.25,42.24,330.5,5059.8,,40.73,,20.39,,41.48,386.61,21.4,
G46,5343.27,3563.72,19.69,312.18,43.01,346.13,5424.14,18.58,43.08,2094.09,18.64,330.48,41.73,376.86,17.84,39.4
G47,3049.53,2378.99,21.3,298.01,40.4,347.62,3371.52,20.63,41.73,1446.97,21.2,335.27,41.44,376.0,21.08,40.87
G48,5160.2,4226.35,20.85,292.05,42.78,345.71,5047.65,18.82,41.12,909.94,20.19,329.79,42.12,353.95,20.29,42.98
G49,4157.86,3113.49,21.88,264.59,44.25,366.72,4255.02,20.69,42.5,1548.58,20.78,460.36,40.89,350.36,21.34,40.23
G5,6804.26,5220.67,20.34,379.97,39.99,469.5,5868.63,,42.35,,20.86,,42.03,505.95,19.58,
G50,3765.83,3813.83,22.05,295.37,40.02,422.9,4518.2,22.57,39.88,2545.35,21.11,397.27,39.97,374.4,21.46,37.31
G51,4842.71,2929.06,20.72,381.26,40.38,527.73,4085.4,,41.62,,21.13,,41.21,444.0,20.75,
G52,5364.48,4354.22,20.86,262.03,42.33,576.58,5228.22,,,2538.77,19.58,340.31,41.12,434.96,,
G53,4607.95,5774.01,19.93,283.55,42.77,592.92,4465.91,20.39,40.57,4639.04,20.42,334.04,43.14,404.83,20.88,40.8
G54,4833.99,3510.78,21.53,284.91,41.49,516.87,3776.92,,41.2,,19.57,,38.76,414.88,20.5,
G55,4922.31,3916.9,20.78,285.23,40.37,386.48,3961.01,20.17,39.75,1473.5,21.25,307.64,42.41,346.22,21.39,38.73
G56,4538.03,3536.23,19.89,301.18,42.78,377.11,4200.2,,42.67,1345.1,19.34,377.07,43.76,315.97,19.5,
G57,3627.97,3038.5,20.45,290.07,44.04,380.47,4449.89,19.73,43.0,2199.63,19.63,362.69,42.35,328.33,19.62,41.39
G58,6824.93,6165.93,20.38,304.63,39.24,367.68,5121.38,19.1,40.36,3074.77,20.54,370.08,41.83,281.53,20.99,41.8
G59,3778.26,4397.34,19.53,267.16,45.19,440.45,5076.61,19.31,42.96,2160.24,19.05,315.48,44.72,332.87,19.15,42.71
G6,6588.87,6003.13,21.62,372.39,38.79,480.72,6743.24,20.86,40.65,3451.35,21.12,683.21,39.82,499.21,20.99,40.54
G60,3694.05,3441.49,20.79,233.58,41.0,314.43,3750.67,20.59,40.81,617.78,20.5,392.45,41.25,268.41,21.48,39.3
G61,4997.66,4738.91,18.72,396.24,41.38,442.41,4873.52,,41.06,,19.41,,41.97,598.2,19.56,
G62,3828.08,3068.77,21.04,291.65,43.14,503.31,5393.85,20.68,40.7,1659.67,20.58,347.7,41.35,367.84,20.86,40.87
G63,4828.44,4135.23,21.26,277.36,41.46,403.18,5069.7,21.15,40.28,3099.61,20.0,435.03,40.86,414.38,21.0,38.49
G64,4863.97,3858.1,21.17,239.44,42.19,405.04,3384.12,,40.56,1896.69,20.93,320.15,41.37,416.35,20.5,
G65,3185.58,2716.13,19.52,267.6,43.35,396.8,3753.09,19.35,44.3,1635.29,19.64,308.92,44.24,535.09,19.02,43.3
G66,3520.0,3106.74,20.29,266.82,44.14,452.83,5793.95,,42.04,,19.33,,42.62,380.82,20.17,
G67,6466.15,3934.06,21.24,278.82,44.54,435.15,4738.97,18.68,43.74,2459.51,19.86,366.0,41.7,381.48,20.44,43.28
G68,4031.54,2873.73,21.29,202.08,41.49,451.09,4223.33,20.32,40.86,1924.26,20.4,351.0,40.28,412.67,20.91,40.97
G69,4623.1,2927.05,20.64,185.13,42.06,346.12,3918.35,20.46,43.82,1607.73,20.35,326.97,43.13,350.68,20.46,43.27
G7,4713.8,4650.76,19.83,306.62,45.02,467.87,5018.46,19.57,44.09,3598.26,19.05,350.31,44.38,405.68,19.1,42.34
G70,4103.98,3172.35,20.16,269.03,43.23,438.81,4958.42,20.5,42.47,1764.78,19.84,364.38,43.11,458.67,20.38,39.98
G71,6734.52,,20.15,290.92,42.09,522.57,4682.16,,,4049.97,19.84,425.57,41.59,,,
G72,4054.74,3939.4,21.37,268.32,40.64,448.54,3612.08,20.47,39.83,1511.84,20.8,368.77,41.25,472.17,21.03,41.06
G73,,4169.8,18.72,295.34,43.27,475.89,3675.98,,42.12,,18.91,,44.09,397.77,18.77,
G74,3746.4,2986.46,20.35,214.06,41.36,433.0,4082.34,20.91,40.69,1762.22,20.43,301.41,42.35,318.12,20.43,41.1
G75,4727.73,3398.21,20.86,235.5,39.99,425.97,3894.04,20.32,40.83,1749.38,21.93,441.1,42.46,379.62,20.99,40.28
G76,5254.5,3541.17,21.54,236.52,39.45,433.98,3883.96,21.32,40.62,1888.15,21.8,340.87,40.86,278.18,21.37,39.25
G77,3606.98,2786.19,19.55,363.28,45.75,611.55,4273.91,19.61,45.79,1208.23,19.1,294.05,46.0,398.42,19.06,40.26
G78,3022.45,3175.54,20.54,343.49,40.63,433.74,4206.02,19.81,40.01,1375.3,21.22,321.6,43.16,368.2,21.45,43.92
G79,3010.33,2572.1,20.95,301.32,40.64,446.69,4599.9,,40.71,,20.97,,41.7,283.73,21.25,
G8,4692.95,4262.07,19.62,317.72,41.64,655.1,4286.88,18.99,40.95,3052.93,19.88,587.19,43.56,473.32,19.98,42.31
G80,3808.19,2769.28,21.39,342.56,41.31,511.29,4676.5,,39.7,,20.76,,41.36,376.55,21.1,
G81,3233.82,,21.03,370.56,41.84,532.37,3475.13,,,,19.81,,41.01,,,
G82,3220.8,,20.5,259.81,,422.23,3324.41,19.34,,1023.66,,258.0,42.16,,,40.37
G83,3567.87,3402.9,20.48,392.02,43.56,721.41,4186.5,,41.6,,19.76,,42.85,432.31,20.53,
G84,4247.65,3229.63,20.94,305.9,41.79,484.9,4860.32,,40.67,,20.08,,41.34,412.23,20.85,
G85,5041.1,4584.16,21.69,332.28,40.96,542.8,4943.97,22.0,39.85,2637.2,21.05,389.23,39.66,514.4,21.5,38.32
G86,4252.22,3425.78,20.76,333.95,41.65,583.34,4786.53,19.39,40.33,3264.61,20.06,358.22,41.96,471.01,21.06,40.75
G87,8762.45,6171.91,21.25,321.2,42.81,468.52,4689.86,19.97,41.41,3732.23,19.29,371.56,41.71,501.24,20.94,40.18
G88,4781.04,4647.84,19.4,330.36,42.1,494.93,4820.89,,41.04,,19.19,,43.33,466.68,19.87,
G89,6716.76,4974.57,19.79,334.95,44.03,519.64,4911.67,20.39,41.5,3831.41,19.29,339.08,43.04,510.57,20.15,39.93
G9,4962.85,4207.98,20.97,308.74,41.78,443.76,4915.59,,40.78,,20.56,,41.91,550.55,20.85,
G90,4882.1,2994.96,20.2,297.7,44.62,540.74,5240.48,19.16,40.57,4916.86,18.09,372.17,41.91,429.48,19.82,41.57
G91,6540.03,6489.16,18.78,299.03,42.91,475.0,5379.19,20.77,42.62,3161.34,18.49,433.99,44.2,441.22,18.72,41.56
G92,5263.8,4687.34,21.02,359.63,42.14,470.08,6268.55,21.08,42.79,3170.5,20.12,265.61,41.25,445.4,20.12,41.91
G93,5281.11,3927.02,19.76,226.45,45.3,393.81,5165.53,19.83,44.61,2389.04,20.01,352.01,45.85,399.42,20.24,42.85
G94,4627.06,5753.78,20.98,271.22,40.86,435.32,6518.75,20.98,43.01,1519.19,19.67,349.67,41.5,437.89,19.75,40.36
G95,4061.41,2960.46,20.14,295.81,44.26,494.58,3896.23,22.51,43.82,1708.72,19.43,300.19,44.54,441.21,20.13,36.7
G96,4998.46,3221.5,21.47,280.59,41.12,492.43,4292.03,20.33,41.98,3210.86,20.23,305.87,40.64,400.31,19.9,40.38
G97,4632.9,4625.24,20.81,271.46,38.86,436.85,5810.86,18.84,40.63,1147.08,20.73,309.03,41.36,453.78,20.63,42.55
G98,4353.78,2961.31,20.31,311.85,44.96,421.84,4682.19,19.52,44.86,1212.67,18.57,506.22,43.91,400.42,19.58,41.08
G99,4751.73,3737.56,20.48,345.28,42.86,520.32,4774.17,19.48,43.16,1552.57,19.88,383.51,43.72,539.65,20.04,43.36
ZH13,3886.13,3873.82,19.06,321.35,46.2,455.58,3583.35,18.72,44.16,2822.6,18.38,295.2,44.99,512.49,18.64,42.78
ZH35,5262.5,4021.37,22.23,321.95,37.79,428.13,4109.04,21.96,39.29,3132.38,21.98,312.29,38.24,457.96,21.93,36.41
